PTNUM Month ChangeDistance AlterID prxsk sepds sfhvn secbs
7081 12 0 31 NA NA NA NA
7086 0 NA 2 1 1 0 0
7086 12 -2 2 NA NA NA NA
7086 0 NA 16 4 4 2 2
7086 12 0 16 NA NA NA NA
7088 12 0 31 NA NA NA NA
7088 12 1 35 NA NA NA NA
7091 0 NA 21 3 3 1 3
7091 12 0 21 NA NA NA NA
7092 0 NA 28 NA 0 1 0
7092 9 0 28 NA 0 1 0
7092 0 NA 30 3 4 1 3
7092 9 -1 30 NA NA NA NA
7095 0 NA 22 1 1 1 3
7095 9 1 22 NA NA NA NA
7095 12 0 22 NA NA NA NA
7095 0 NA 17 3 3 5 5
7095 9 0 17 3 3 5 5
7095 12 -1 17 NA NA NA NA
7095 0 NA 22 1 1 1 3
7095 9 1 22 NA NA NA NA
7095 12 0 22 NA NA NA NA
7096 0 NA 2 0 5 0 6
7096 9 -1 2 NA NA NA NA
7096 12 -1 2 0 0 0 0
7096 0 NA 5 0 0 0 1
7096 9 -1 5 NA NA NA NA
7096 12 -1 5 0 0 0 0
7096 0 NA 11 0 0 0 2
7096 9 1 11 NA NA NA NA
7096 12 -1 11 1 2 2 1
7096 0 NA 12 5 5 5 5
7096 9 1 12 NA NA NA NA
7096 12 1 12 5 4 5 5
7096 0 NA 16 1 1 0 0
7096 9 1 16 NA NA NA NA
7096 12 -1 16 1 1 1 0
7096 0 NA 19 6 6 6 6
7096 9 1 19 NA NA NA NA
7096 12 1 19 6 6 6 6
7096 0 NA 20 0 0 0 0
7096 9 1 20 NA NA NA NA
7096 12 -1 20 0 0 0 0
7096 0 NA 23 2 3 3 5
7096 9 -1 23 NA NA NA NA
7096 12 8 23 NA NA NA NA
7096 0 NA 27 3 3 4 3
7096 9 -1 27 NA NA NA NA
7096 12 -1 27 0 0 4 4
7096 9 0 31 NA NA NA NA
7096 12 NA 31 6 6 5 5
7096 0 NA 8 0 0 0 0
7096 9 1 8 3 4 4 2
7096 12 1 8 NA NA NA NA
7098 0 NA 14 4 3 0 0
7098 9 1 14 NA NA NA NA
7101 9 -1 31 0 0 0 0
7101 12 9 31 NA NA NA NA
7103 0 NA 7 1 1 1 1
7103 6 1 7 NA NA NA NA
7103 9 0 7 NA NA NA NA
7103 12 0 7 NA NA NA NA
7103 0 NA 28 4 2 2 0
7103 6 -1 28 NA NA NA NA
7103 9 -1 28 0 0 0 0
7103 12 -1 28 0 0 0 0
7103 0 NA 29 5 4 3 1
7103 6 -1 29 NA NA NA NA
7103 9 -1 29 0 0 0 0
7103 12 -1 29 0 0 0 0
7103 0 NA 7 1 1 1 1
7103 6 1 7 NA NA NA NA
7103 9 0 7 NA NA NA NA
7103 12 0 7 NA NA NA NA
7103 0 NA 7 1 1 1 1
7103 6 1 7 NA NA NA NA
7103 9 0 7 NA NA NA NA
7103 12 0 7 NA NA NA NA
7103 0 NA 20 0 0 0 0
7103 6 0 20 0 0 0 0
7103 9 -1 20 1 0 0 0
7103 12 -1 20 NA NA NA NA
7104 0 NA 28 3 3 2 0
7104 9 0 28 3 3 2 0
7104 12 -2 28 NA NA NA NA
7110 0 NA 28 5 5 5 5
7110 6 1 28 NA NA NA NA
7110 9 0 28 NA NA NA NA
7110 12 0 28 NA NA NA NA
7110 6 0 31 NA NA NA NA
7110 9 -1 31 4 4 4 6
7110 12 0 31 4 4 4 6
7110 6 0 32 NA NA NA NA
7110 9 -1 32 NA NA NA NA
7110 12 1 32 6 6 6 6
7110 0 NA 28 5 5 5 5
7110 6 1 28 NA NA NA NA
7110 9 0 28 NA NA NA NA
7110 12 0 28 NA NA NA NA
7110 6 0 32 NA NA NA NA
7110 9 -1 32 NA NA NA NA
7110 12 1 32 6 6 6 6
7110 0 NA 28 5 5 5 5
7110 6 1 28 NA NA NA NA
7110 9 0 28 NA NA NA NA
7110 12 0 28 NA NA NA NA
7110 6 NA 36 6 6 5 5
7110 9 NA 36 NA NA NA NA
7110 12 0 36 NA NA NA NA
7111 0 NA 17 3 3 3 2
7111 6 0 17 NA NA NA NA
7111 9 -1 17 5 5 5 5
7111 12 0 17 5 5 5 5
7111 0 NA 2 3 3 1 5
7111 6 0 2 3 3 1 5
7111 9 1 2 NA NA NA NA
7111 12 1 2 5 4 6 6
7111 0 NA 6 0 0 0 0
7111 6 9 6 6 1 0 5
7111 9 1 6 NA NA NA NA
7111 12 0 6 NA NA NA NA
7111 0 NA 7 2 2 3 5
7111 6 1 7 6 5 5 6
7111 9 1 7 NA NA NA NA
7111 12 0 7 NA NA NA NA
7111 0 NA 18 3 3 0 0
7111 6 -1 18 6 6 6 3
7111 9 -2 18 NA NA NA NA
7111 12 -2 18 NA NA NA NA
7111 0 NA 6 0 0 0 0
7111 6 9 6 6 1 0 5
7111 9 1 6 NA NA NA NA
7111 12 0 6 NA NA NA NA
7111 0 NA 7 2 2 3 5
7111 6 1 7 6 5 5 6
7111 9 1 7 NA NA NA NA
7111 12 0 7 NA NA NA NA
7111 0 NA 18 3 3 0 0
7111 6 -1 18 6 6 6 3
7111 9 -2 18 NA NA NA NA
7111 12 -2 18 NA NA NA NA
7111 6 -1 31 6 6 6 3
7111 12 0 31 NA NA NA NA
7111 9 NA 32 6 5 6 5
7111 12 0 32 NA NA NA NA
7113 0 NA 1 0 0 0 3
7113 6 1 1 4 4 6 6
7113 9 1 1 NA NA NA NA
7113 12 0 1 NA NA NA NA
7113 0 NA 13 0 0 0 0
7113 6 0 13 0 0 0 0
7113 9 -1 13 NA NA NA NA
7113 12 0 13 NA NA NA NA
7113 0 NA 1 0 0 0 3
7113 6 1 1 4 4 6 6
7113 9 1 1 NA NA NA NA
7113 12 0 1 NA NA NA NA
7113 0 NA 13 0 0 0 0
7113 6 0 13 0 0 0 0
7113 9 -1 13 NA NA NA NA
7113 12 0 13 NA NA NA NA
7115 6 NA 32 2 1 1 3
7115 9 NA 32 NA NA NA NA
7115 12 0 32 NA NA NA NA
7115 6 NA 33 3 3 3 1
7115 9 NA 33 NA NA NA NA
7115 12 0 33 NA NA NA NA
7116 3 NA 31 4 2 5 4
7116 6 NA 31 NA NA NA NA
7116 9 0 31 NA NA NA NA
7116 12 1 31 5 5 5 4
7117 0 NA 3 6 6 1 3
7117 6 1 3 6 6 3 5
7117 9 -2 3 NA NA NA NA
7117 12 1 3 6 6 3 4
7117 0 NA 4 6 6 2 3
7117 6 1 4 6 6 3 3
7117 9 -2 4 0 0 0 0
7117 12 -2 4 NA NA NA NA
7118 0 NA 2 2 2 2 4
7118 3 0 2 NA NA NA NA
7118 6 0 2 2 2 2 4
7118 9 0 2 2 2 2 4
7120 6 0 31 NA NA NA NA
7120 9 0 31 NA NA NA NA
7120 12 0 31 NA NA NA NA
7120 6 0 31 NA NA NA NA
7120 9 0 31 NA NA NA NA
7120 12 0 31 NA NA NA NA
7120 6 0 31 NA NA NA NA
7120 9 0 31 NA NA NA NA
7120 12 0 31 NA NA NA NA
7120 9 0 32 3 3 2 3
7120 12 0 32 NA NA NA NA
7122 0 NA 24 3 3 3 3
7122 3 9 24 NA NA NA NA
7122 6 -1 24 0 0 0 0
7122 9 -1 24 3 3 3 3
7122 12 -1 24 3 3 3 3
7122 0 NA 8 6 6 0 0
7122 3 -2 8 6 6 6 3
7122 6 -2 8 0 0 0 0
7122 9 -2 8 NA NA NA NA
7122 12 0 8 NA NA NA NA
7122 0 NA 2 5 3 3 3
7122 3 -1 2 1 1 0 0
7122 6 0 2 1 1 0 0
7122 9 0 2 1 1 0 0
7122 12 0 2 NA NA NA NA
7122 0 NA 3 3 3 3 4
7122 3 1 3 3 3 3 4
7122 6 1 3 5 5 5 5
7122 9 1 3 6 6 6 6
7122 12 0 3 NA NA NA NA
7122 0 NA 4 2 3 0 0
7122 3 -2 4 0 0 0 0
7122 6 0 4 0 0 0 0
7122 9 -1 4 3 3 3 3
7122 12 0 4 NA NA NA NA
7122 0 NA 8 6 6 0 0
7122 3 -2 8 6 6 6 3
7122 6 -2 8 0 0 0 0
7122 9 -2 8 NA NA NA NA
7122 12 0 8 NA NA NA NA
7122 0 NA 9 6 6 3 3
7122 3 0 9 6 6 3 3
7122 6 0 9 6 6 3 3
7122 9 0 9 6 6 3 3
7122 12 0 9 NA NA NA NA
7122 0 NA 10 6 6 3 3
7122 3 0 10 6 6 3 3
7122 6 0 10 6 6 3 3
7122 9 0 10 6 6 3 3
7122 12 0 10 NA NA NA NA
7122 0 NA 11 6 6 4 4
7122 3 0 11 6 6 4 4
7122 6 0 11 6 6 4 4
7122 9 0 11 6 6 4 4
7122 12 0 11 NA NA NA NA
7122 0 NA 12 2 3 3 3
7122 3 0 12 2 3 3 3
7122 6 0 12 2 3 3 3
7122 9 0 12 2 3 3 3
7122 12 0 12 NA NA NA NA
7122 0 NA 13 3 3 3 3
7122 3 -1 13 3 3 3 3
7122 6 0 13 3 3 3 3
7122 9 0 13 3 3 3 3
7122 12 0 13 NA NA NA NA
7122 0 NA 14 3 3 0 0
7122 3 -1 14 3 3 3 3
7122 6 0 14 3 3 3 3
7122 9 -1 14 3 3 3 3
7122 12 0 14 NA NA NA NA
7122 0 NA 17 3 3 3 3
7122 3 1 17 6 3 3 3
7122 6 0 17 6 3 3 3
7122 9 0 17 6 3 3 3
7122 12 0 17 NA NA NA NA
7122 0 NA 18 2 3 3 3
7122 3 0 18 2 3 3 3
7122 6 0 18 2 3 3 3
7122 9 0 18 2 3 3 3
7122 12 0 18 NA NA NA NA
7122 0 NA 20 3 3 3 3
7122 3 0 20 3 3 3 3
7122 6 0 20 3 3 3 3
7122 9 0 20 3 3 3 3
7122 12 0 20 NA NA NA NA
7122 0 NA 21 3 3 3 3
7122 3 0 21 3 3 3 3
7122 6 0 21 3 3 3 3
7122 9 1 21 6 6 6 6
7122 12 0 21 NA NA NA NA
7122 0 NA 25 5 3 3 3
7122 3 0 25 5 3 3 3
7122 6 0 25 5 3 3 3
7122 9 0 25 5 3 3 3
7122 12 0 25 NA NA NA NA
7122 0 NA 26 3 3 3 3
7122 3 0 26 3 3 3 3
7122 6 0 26 3 3 3 3
7122 9 0 26 3 3 3 3
7122 12 0 26 NA NA NA NA
7122 0 NA 27 6 3 6 2
7122 3 0 27 6 3 6 2
7122 6 0 27 6 3 6 2
7122 9 0 27 6 3 6 2
7122 12 0 27 NA NA NA NA
7122 0 NA 28 3 3 3 5
7122 3 1 28 4 4 4 3
7122 6 1 28 3 3 3 1
7122 9 -1 28 3 3 3 3
7122 12 0 28 NA NA NA NA
7122 0 NA 30 3 3 3 3
7122 3 0 30 3 3 3 3
7122 6 0 30 3 3 3 3
7122 9 0 30 3 3 3 3
7122 12 0 30 NA NA NA NA
7124 0 NA 5 1 0 1 2
7124 3 -1 5 NA NA NA NA
7124 6 0 5 NA NA NA NA
7124 9 0 5 NA NA NA NA
7124 12 0 5 NA NA NA NA
7124 0 NA 13 1 0 0 4
7124 3 -1 13 NA NA NA NA
7124 6 -1 13 2 3 2 2
7124 9 0 13 2 3 2 2
7124 12 0 13 2 3 2 2
7124 0 NA 15 0 0 0 0
7124 3 -2 15 NA NA NA NA
7124 6 0 15 NA NA NA NA
7124 9 -2 15 NA NA NA NA
7124 12 -1 15 NA NA NA NA
7124 0 NA 5 1 0 1 2
7124 3 -1 5 NA NA NA NA
7124 6 0 5 NA NA NA NA
7124 9 0 5 NA NA NA NA
7124 12 0 5 NA NA NA NA
7124 0 NA 15 0 0 0 0
7124 3 -2 15 NA NA NA NA
7124 6 0 15 NA NA NA NA
7124 9 -2 15 NA NA NA NA
7124 12 -1 15 NA NA NA NA
7124 0 NA 29 0 0 0 0
7124 3 1 29 6 3 1 1
7124 6 1 29 NA NA NA NA
7124 9 1 29 5 4 4 4
7124 0 NA 5 1 0 1 2
7124 3 -1 5 NA NA NA NA
7124 6 0 5 NA NA NA NA
7124 9 0 5 NA NA NA NA
7124 12 0 5 NA NA NA NA
7124 0 NA 15 0 0 0 0
7124 3 -2 15 NA NA NA NA
7124 6 0 15 NA NA NA NA
7124 9 -2 15 NA NA NA NA
7124 12 -1 15 NA NA NA NA
7124 0 NA 5 1 0 1 2
7124 3 -1 5 NA NA NA NA
7124 6 0 5 NA NA NA NA
7124 9 0 5 NA NA NA NA
7124 12 0 5 NA NA NA NA
7124 0 NA 15 0 0 0 0
7124 3 -2 15 NA NA NA NA
7124 6 0 15 NA NA NA NA
7124 9 -2 15 NA NA NA NA
7124 12 -1 15 NA NA NA NA
7124 0 NA 16 3 6 3 3
7124 3 -1 16 2 2 2 3
7124 6 0 16 2 2 2 3
7124 9 -1 16 2 2 2 2
7124 12 -1 16 NA NA NA NA
7124 0 NA 17 0 0 0 0
7124 3 -1 17 0 0 0 0
7124 6 0 17 0 0 0 0
7124 9 -1 17 0 0 0 0
7124 12 -1 17 NA NA NA NA
7125 0 NA 9 0 0 0 0
7125 3 0 9 0 0 0 0
7125 6 -2 9 1 0 0 0
7125 9 -2 9 1 1 0 0
7125 12 -2 9 NA NA NA NA
7125 0 NA 13 0 0 0 0
7125 3 0 13 0 0 0 0
7125 6 -2 13 0 0 0 0
7125 9 -2 13 1 1 0 0
7125 12 -2 13 NA NA NA NA
7125 9 NA 33 4 4 2 2
7125 12 -1 33 NA NA NA NA
7129 0 NA 14 3 3 3 3
7129 3 0 14 3 3 3 3
7129 6 -1 14 NA NA NA NA
7129 9 -1 14 0 0 0 0
7129 12 0 14 0 0 0 0
7130 0 NA 24 3 3 3 3
7130 3 -1 24 NA NA NA NA
7130 6 0 24 NA NA NA NA
7130 9 -1 24 1 1 1 1
7130 12 0 24 1 1 1 1
7130 0 NA 6 0 1 0 1
7130 3 0 6 0 1 0 1
7130 6 0 6 NA NA NA NA
7130 9 0 6 0 1 0 1
7130 12 1 6 3 3 2 2
7130 0 NA 16 1 1 1 1
7130 3 0 16 1 1 1 1
7130 6 0 16 NA NA NA NA
7130 9 1 16 3 3 3 3
7130 12 0 16 3 3 3 3
7130 0 NA 24 3 3 3 3
7130 3 -1 24 NA NA NA NA
7130 6 0 24 NA NA NA NA
7130 9 -1 24 1 1 1 1
7130 12 0 24 1 1 1 1
7130 0 NA 1 6 5 5 5
7130 3 1 1 5 5 6 6
7130 6 1 1 6 6 5 6
7130 9 1 1 6 3 5 5
7130 12 1 1 NA NA NA NA
7132 0 NA 20 0 0 0 2
7132 3 -1 20 NA NA NA NA
7132 6 0 20 NA NA NA NA
7132 9 0 20 NA NA NA NA
7132 12 0 20 NA NA NA NA
7132 0 NA 21 0 0 0 0
7132 3 -1 21 NA NA NA NA
7132 6 -1 21 0 0 0 0
7132 9 -1 21 0 0 0 0
7132 12 -1 21 0 0 0 0
7132 0 NA 22 0 0 0 0
7132 3 -2 22 NA NA NA NA
7132 6 -1 22 0 0 0 0
7132 9 -1 22 3 3 3 3
7132 12 -1 22 0 0 0 0
7132 0 NA 25 0 0 0 0
7132 3 -1 25 NA NA NA NA
7132 6 -1 25 0 0 0 0
7132 9 -1 25 3 3 3 3
7132 12 0 25 3 3 3 3
7132 0 NA 20 0 0 0 2
7132 3 -1 20 NA NA NA NA
7132 6 0 20 NA NA NA NA
7132 9 0 20 NA NA NA NA
7132 12 0 20 NA NA NA NA
7132 0 NA 23 1 1 1 5
7132 3 1 23 6 6 6 6
7132 6 1 23 NA NA NA NA
7132 9 1 23 6 6 6 6
7132 12 0 23 6 6 6 6
7132 0 NA 26 0 0 0 1
7132 3 0 26 0 0 0 1
7132 6 1 26 NA NA NA NA
7132 9 0 26 NA NA NA NA
7132 12 0 26 NA NA NA NA
7132 0 NA 30 0 0 0 0
7132 3 1 30 5 5 5 5
7132 6 1 30 NA NA NA NA
7132 9 1 30 6 6 6 6
7132 12 0 30 6 6 6 6
7132 0 NA 20 0 0 0 2
7132 3 -1 20 NA NA NA NA
7132 6 0 20 NA NA NA NA
7132 9 0 20 NA NA NA NA
7132 12 0 20 NA NA NA NA
7132 0 NA 26 0 0 0 1
7132 3 0 26 0 0 0 1
7132 6 1 26 NA NA NA NA
7132 9 0 26 NA NA NA NA
7132 12 0 26 NA NA NA NA
7132 0 NA 1 1 0 0 0
7132 3 -1 1 4 3 2 1
7132 6 -1 1 0 0 0 0
7132 9 -2 1 0 0 0 0
7132 12 -2 1 NA NA NA NA
7132 0 NA 15 0 0 0 0
7132 3 -2 15 0 0 0 0
7132 6 -1 15 0 0 0 0
7132 9 -2 15 0 0 0 0
7132 12 -2 15 NA NA NA NA
7132 0 NA 20 0 0 0 2
7132 3 -1 20 NA NA NA NA
7132 6 0 20 NA NA NA NA
7132 9 0 20 NA NA NA NA
7132 12 0 20 NA NA NA NA
7132 0 NA 26 0 0 0 1
7132 3 0 26 0 0 0 1
7132 6 1 26 NA NA NA NA
7132 9 0 26 NA NA NA NA
7132 12 0 26 NA NA NA NA
7132 0 NA 29 0 0 0 0
7132 3 -2 29 0 0 0 0
7132 6 -1 29 0 0 0 0
7132 9 -2 29 0 0 0 0
7132 12 -2 29 NA NA NA NA
7138 0 NA 15 3 3 3 3
7138 3 -1 15 1 1 1 1
7138 6 -1 15 NA NA NA NA
7138 9 -2 15 0 0 0 0
7138 12 0 15 0 0 0 0
7138 0 NA 2 5 3 4 6
7138 3 0 2 5 3 4 6
7138 6 -1 2 5 4 5 6
7138 9 -1 2 NA NA NA NA
7138 12 0 2 NA NA NA NA
7138 0 NA 2 5 3 4 6
7138 3 0 2 5 3 4 6
7138 6 -1 2 5 4 5 6
7138 9 -1 2 NA NA NA NA
7138 12 0 2 NA NA NA NA
7140 0 NA 27 NA NA NA NA
7140 3 0 27 NA NA NA NA
7140 6 0 27 NA NA NA NA
7140 9 0 27 NA NA NA NA
7140 12 0 27 NA NA NA NA
7140 0 NA 27 NA NA NA NA
7140 3 0 27 NA NA NA NA
7140 6 0 27 NA NA NA NA
7140 9 0 27 NA NA NA NA
7140 12 0 27 NA NA NA NA
7140 0 NA 27 NA NA NA NA
7140 3 0 27 NA NA NA NA
7140 6 0 27 NA NA NA NA
7140 9 0 27 NA NA NA NA
7140 12 0 27 NA NA NA NA
7140 0 NA 3 NA NA NA NA
7140 3 -1 3 0 0 0 0
7140 6 0 3 0 0 0 0
7140 9 -2 3 0 0 0 0
7140 12 0 3 NA NA NA NA
7140 0 NA 8 NA NA NA NA
7140 3 -1 8 0 0 0 0
7140 6 0 8 0 0 0 0
7140 9 0 8 0 0 0 0
7140 12 0 8 NA NA NA NA
7140 0 NA 27 NA NA NA NA
7140 3 0 27 NA NA NA NA
7140 6 0 27 NA NA NA NA
7140 9 0 27 NA NA NA NA
7140 12 0 27 NA NA NA NA
7140 6 NA 31 2 2 2 2
7140 9 -1 31 0 0 0 0
7140 12 -1 31 NA NA NA NA
7141 0 NA 16 3 3 3 3
7141 3 -1 16 NA NA NA NA
7141 6 -1 16 2 2 2 2
7141 9 0 16 2 2 2 2
7141 12 0 16 2 2 2 2
7141 0 NA 17 3 3 3 3
7141 3 -1 17 NA NA NA NA
7141 6 -1 17 1 1 1 1
7141 9 0 17 1 1 1 1
7141 12 0 17 1 1 1 1
7141 0 NA 18 6 4 4 3
7141 3 1 18 NA NA NA NA
7141 6 0 18 NA NA NA NA
7141 9 0 18 NA NA NA NA
7141 12 0 18 NA NA NA NA
7141 0 NA 20 3 3 0 3
7141 3 -1 20 NA NA NA NA
7141 6 -1 20 0 0 0 0
7141 9 0 20 0 0 0 0
7141 12 0 20 0 0 0 0
7141 0 NA 21 0 0 0 0
7141 3 -2 21 NA NA NA NA
7141 6 0 21 NA NA NA NA
7141 9 0 21 NA NA NA NA
7141 12 -2 21 3 3 3 3
7141 0 NA 22 6 5 0 0
7141 3 -2 22 NA NA NA NA
7141 6 0 22 NA NA NA NA
7141 9 0 22 NA NA NA NA
7141 12 -2 22 4 4 4 4
7141 0 NA 26 3 3 3 3
7141 3 -2 26 NA NA NA NA
7141 6 -2 26 0 0 0 0
7141 9 -2 26 0 0 0 0
7141 12 -2 26 3 3 3 3
7141 0 NA 27 0 0 0 0
7141 3 -1 27 NA NA NA NA
7141 6 -2 27 0 0 0 0
7141 9 -2 27 0 0 0 0
7141 12 -2 27 3 3 3 3
7141 0 NA 28 3 3 3 3
7141 3 -1 28 NA NA NA NA
7141 6 -2 28 0 0 0 0
7141 9 -2 28 0 0 0 0
7141 12 -2 28 3 3 3 3
7141 0 NA 30 0 0 0 0
7141 3 -2 30 NA NA NA NA
7141 6 0 30 NA NA NA NA
7141 9 0 30 NA NA NA NA
7141 12 -2 30 3 3 3 3
7141 0 NA 18 6 4 4 3
7141 3 1 18 NA NA NA NA
7141 6 0 18 NA NA NA NA
7141 9 0 18 NA NA NA NA
7141 12 0 18 NA NA NA NA
7141 0 NA 21 0 0 0 0
7141 3 -2 21 NA NA NA NA
7141 6 0 21 NA NA NA NA
7141 9 0 21 NA NA NA NA
7141 12 -2 21 3 3 3 3
7141 0 NA 22 6 5 0 0
7141 3 -2 22 NA NA NA NA
7141 6 0 22 NA NA NA NA
7141 9 0 22 NA NA NA NA
7141 12 -2 22 4 4 4 4
7141 0 NA 30 0 0 0 0
7141 3 -2 30 NA NA NA NA
7141 6 0 30 NA NA NA NA
7141 9 0 30 NA NA NA NA
7141 12 -2 30 3 3 3 3
7141 0 NA 18 6 4 4 3
7141 3 1 18 NA NA NA NA
7141 6 0 18 NA NA NA NA
7141 9 0 18 NA NA NA NA
7141 12 0 18 NA NA NA NA
7141 0 NA 21 0 0 0 0
7141 3 -2 21 NA NA NA NA
7141 6 0 21 NA NA NA NA
7141 9 0 21 NA NA NA NA
7141 12 -2 21 3 3 3 3
7141 0 NA 22 6 5 0 0
7141 3 -2 22 NA NA NA NA
7141 6 0 22 NA NA NA NA
7141 9 0 22 NA NA NA NA
7141 12 -2 22 4 4 4 4
7141 0 NA 30 0 0 0 0
7141 3 -2 30 NA NA NA NA
7141 6 0 30 NA NA NA NA
7141 9 0 30 NA NA NA NA
7141 12 -2 30 3 3 3 3
7141 0 NA 18 6 4 4 3
7141 3 1 18 NA NA NA NA
7141 6 0 18 NA NA NA NA
7141 9 0 18 NA NA NA NA
7141 12 0 18 NA NA NA NA
7142 0 NA 29 0 0 0 0
7142 3 -1 29 NA NA NA NA
7142 6 -2 29 0 0 0 0
7142 9 -2 29 0 0 0 0
7142 12 -2 29 0 0 0 0
7142 0 NA 30 3 2 4 3
7142 3 -1 30 0 0 3 3
7142 6 -1 30 NA NA NA NA
7142 9 -1 30 1 0 1 0
7142 12 -1 30 0 0 1 0
7143 0 NA 2 4 2 2 5
7143 3 -1 2 5 1 5 5
7143 6 0 2 5 1 5 5
7143 9 -2 2 0 0 0 0
7143 12 0 2 NA NA NA NA
7143 0 NA 18 1 2 2 2
7143 3 -1 18 4 1 0 0
7143 6 1 18 4 3 1 1
7143 9 -1 18 4 3 1 3
7143 12 0 18 NA NA NA NA
7143 0 NA 28 2 2 0 1
7143 3 -2 28 2 1 0 0
7143 6 0 28 2 1 0 0
7143 9 0 28 2 1 0 0
7143 12 0 28 NA NA NA NA
7143 6 NA 32 5 4 3 4
7143 9 -1 32 4 3 2 3
7143 12 0 32 NA NA NA NA
7143 9 NA 34 NA NA NA NA
7143 12 0 34 NA NA NA NA
7144 0 NA 23 0 0 0 0
7144 3 -2 23 0 0 0 0
7144 6 -2 23 0 0 0 0
7144 9 -2 23 NA NA NA NA
7144 12 0 23 NA NA NA NA
7144 0 NA 24 3 1 0 5
7144 3 0 24 3 1 0 5
7144 6 -1 24 1 0 0 0
7144 9 -1 24 NA NA NA NA
7144 12 -2 24 0 0 0 0
7144 0 NA 23 0 0 0 0
7144 3 -2 23 0 0 0 0
7144 6 -2 23 0 0 0 0
7144 9 -2 23 NA NA NA NA
7144 12 0 23 NA NA NA NA
7145 0 NA 2 6 6 5 6
7145 3 1 2 NA NA NA NA
7145 6 1 2 NA NA NA NA
7145 12 0 2 NA NA NA NA
7145 0 NA 2 6 6 5 6
7145 3 1 2 NA NA NA NA
7145 6 1 2 NA NA NA NA
7145 12 0 2 NA NA NA NA
7145 0 NA 4 6 6 6 6
7145 3 1 4 6 6 6 6
7145 6 1 4 NA NA NA NA
7145 12 -2 4 3 3 3 3
7145 0 NA 7 3 3 3 3
7145 3 0 7 3 3 3 3
7145 6 1 7 NA NA NA NA
7145 12 0 7 NA NA NA NA
7145 0 NA 9 0 0 0 0
7145 3 0 9 0 0 0 0
7145 6 1 9 NA NA NA NA
7145 12 0 9 NA NA NA NA
7145 0 NA 2 6 6 5 6
7145 3 1 2 NA NA NA NA
7145 6 1 2 NA NA NA NA
7145 12 0 2 NA NA NA NA
7145 0 NA 7 3 3 3 3
7145 3 0 7 3 3 3 3
7145 6 1 7 NA NA NA NA
7145 12 0 7 NA NA NA NA
7145 0 NA 9 0 0 0 0
7145 3 0 9 0 0 0 0
7145 6 1 9 NA NA NA NA
7145 12 0 9 NA NA NA NA
7146 0 NA 25 3 4 3 3
7146 3 -1 25 NA NA NA NA
7146 6 1 25 6 6 6 6
7146 9 0 25 6 6 6 6
7146 12 -1 25 3 3 3 3
7146 0 NA 26 3 3 4 4
7146 3 -1 26 NA NA NA NA
7146 6 -1 26 4 4 4 4
7146 9 0 26 4 4 4 4
7146 12 0 26 4 4 4 4
7146 0 NA 27 2 3 3 1
7146 3 -1 27 NA NA NA NA
7146 6 0 27 NA NA NA NA
7146 9 1 27 3 1 1 0
7146 12 -1 27 2 2 2 1
7146 0 NA 29 4 3 4 3
7146 3 -1 29 NA NA NA NA
7146 6 0 29 NA NA NA NA
7146 9 0 29 NA NA NA NA
7146 12 -1 29 3 3 3 3
7146 0 NA 4 1 1 3 3
7146 3 1 4 5 5 5 5
7146 6 1 4 NA NA NA NA
7146 9 1 4 6 6 6 6
7146 12 0 4 6 6 6 6
7146 0 NA 27 2 3 3 1
7146 3 -1 27 NA NA NA NA
7146 6 0 27 NA NA NA NA
7146 9 1 27 3 1 1 0
7146 12 -1 27 2 2 2 1
7146 0 NA 29 4 3 4 3
7146 3 -1 29 NA NA NA NA
7146 6 0 29 NA NA NA NA
7146 9 0 29 NA NA NA NA
7146 12 -1 29 3 3 3 3
7146 0 NA 17 5 5 6 6
7146 3 -1 17 3 3 3 3
7146 6 -1 17 3 3 5 6
7146 9 -1 17 NA NA NA NA
7146 12 -1 17 3 3 2 2
7146 0 NA 29 4 3 4 3
7146 3 -1 29 NA NA NA NA
7146 6 0 29 NA NA NA NA
7146 9 0 29 NA NA NA NA
7146 12 -1 29 3 3 3 3
7147 9 NA 33 NA NA NA NA
7147 12 0 33 NA NA NA NA
7148 0 NA 11 5 6 5 6
7148 3 0 11 5 6 5 6
7148 6 1 11 6 6 6 6
7148 9 1 11 NA NA NA NA
7148 12 1 11 6 6 6 6
7148 0 NA 24 4 3 4 5
7148 3 0 24 4 3 4 5
7148 6 1 24 6 6 6 6
7148 9 1 24 NA NA NA NA
7148 12 -1 24 2 2 2 2
7148 0 NA 13 3 4 4 6
7148 3 0 13 3 4 4 6
7148 6 1 13 5 4 5 5
7148 9 0 13 5 4 5 5
7148 12 -1 13 NA NA NA NA
7148 0 NA 14 3 3 2 2
7148 3 0 14 3 3 2 2
7148 6 0 14 3 3 2 2
7148 9 -1 14 3 2 2 2
7148 12 -1 14 NA NA NA NA
7148 0 NA 18 2 2 3 4
7148 3 0 18 2 2 3 4
7148 6 0 18 2 2 3 4
7148 9 -1 18 0 3 3 3
7148 12 -1 18 NA NA NA NA
7152 0 NA 26 2 2 1 3
7152 3 0 26 2 2 1 3
7152 6 0 26 2 2 1 3
7152 9 -1 26 NA NA NA NA
7152 12 -1 26 4 3 4 4
7152 0 NA 27 2 2 3 3
7152 3 0 27 2 2 3 3
7152 6 0 27 2 2 3 3
7152 9 -1 27 NA NA NA NA
7152 12 -1 27 NA NA NA NA
7152 0 NA 29 1 2 3 3
7152 3 0 29 1 2 3 3
7152 6 0 29 1 2 3 3
7152 9 -1 29 NA NA NA NA
7152 12 0 29 NA NA NA NA
7152 0 NA 30 3 2 2 2
7152 3 0 30 3 2 2 2
7152 6 0 30 3 2 2 2
7152 9 -1 30 NA NA NA NA
7152 12 -1 30 NA NA NA NA
7152 0 NA 27 2 2 3 3
7152 3 0 27 2 2 3 3
7152 6 0 27 2 2 3 3
7152 9 -1 27 NA NA NA NA
7152 12 -1 27 NA NA NA NA
7152 0 NA 29 1 2 3 3
7152 3 0 29 1 2 3 3
7152 6 0 29 1 2 3 3
7152 9 -1 29 NA NA NA NA
7152 12 0 29 NA NA NA NA
7152 0 NA 30 3 2 2 2
7152 3 0 30 3 2 2 2
7152 6 0 30 3 2 2 2
7152 9 -1 30 NA NA NA NA
7152 12 -1 30 NA NA NA NA
7154 0 NA 24 0 0 0 3
7154 0 NA 24 0 0 0 0
7154 3 -2 24 0 0 0 0
7154 6 -2 24 NA NA NA NA
7154 9 0 24 NA NA NA NA
7154 12 0 24 NA NA NA NA
7154 0 NA 30 0 0 0 3
7154 3 0 30 0 0 0 3
7154 6 1 30 NA NA NA NA
7154 9 0 30 NA NA NA NA
7154 12 0 30 NA NA NA NA
7154 0 NA 24 0 0 0 3
7154 0 NA 24 0 0 0 0
7154 3 -2 24 0 0 0 0
7154 6 -2 24 NA NA NA NA
7154 9 0 24 NA NA NA NA
7154 12 0 24 NA NA NA NA
7154 0 NA 30 0 0 0 3
7154 3 0 30 0 0 0 3
7154 6 1 30 NA NA NA NA
7154 9 0 30 NA NA NA NA
7154 12 0 30 NA NA NA NA
7154 0 NA 24 0 0 0 3
7154 0 NA 24 0 0 0 0
7154 3 -2 24 0 0 0 0
7154 6 -2 24 NA NA NA NA
7154 9 0 24 NA NA NA NA
7154 12 0 24 NA NA NA NA
7154 0 NA 30 0 0 0 3
7154 3 0 30 0 0 0 3
7154 6 1 30 NA NA NA NA
7154 9 0 30 NA NA NA NA
7154 12 0 30 NA NA NA NA
7156 0 NA 3 3 3 3 3
7156 3 -2 3 0 0 0 0
7156 6 -2 3 NA NA NA NA
7156 9 -2 3 0 0 0 0
7156 12 -2 3 0 0 0 0
7158 0 NA 13 5 5 5 6
7158 3 -1 13 NA NA NA NA
7158 6 1 13 6 6 3 6
7158 9 -1 13 5 5 3 5
7158 12 -1 13 3 3 3 3
7158 0 NA 14 6 6 5 5
7158 3 -1 14 NA NA NA NA
7158 6 1 14 6 6 4 5
7158 9 -1 14 4 4 4 4
7158 12 -1 14 3 5 3 5
7158 0 NA 15 5 5 5 5
7158 3 -1 15 NA NA NA NA
7158 6 1 15 6 6 4 5
7158 9 -1 15 4 4 4 4
7158 12 -1 15 3 5 3 5
7158 0 NA 17 3 1 0 0
7158 3 -2 17 NA NA NA NA
7158 6 -2 17 0 0 0 0
7158 9 -1 17 3 3 3 3
7158 12 -1 17 0 3 0 0
7158 0 NA 27 6 4 4 4
7158 3 -1 27 NA NA NA NA
7158 6 -1 27 6 4 3 4
7158 9 0 27 6 4 3 4
7158 12 0 27 6 4 3 4
7159 0 NA 3 5 1 4 4
7159 3 -2 3 0 0 0 4
7159 6 -2 3 NA NA NA NA
7159 9 -2 3 2 0 0 0
7159 12 -2 3 0 0 0 4
7159 0 NA 14 5 5 4 4
7159 3 0 14 5 5 4 4
7159 6 1 14 NA NA NA NA
7159 9 1 14 4 1 2 4
7159 12 -1 14 5 1 1 4
7159 0 NA 15 0 0 0 0
7159 3 -2 15 0 0 0 0
7159 6 -2 15 NA NA NA NA
7159 9 -2 15 0 0 0 0
7159 12 -1 15 0 0 0 0
7162 0 NA 4 5 6 5 6
7162 3 -1 4 NA NA NA NA
7162 6 -1 4 2 2 2 3
7162 9 0 4 2 2 2 3
7162 12 0 4 2 2 2 3
7162 0 NA 29 6 6 4 6
7162 3 1 29 NA NA NA NA
7162 6 1 29 6 6 5 6
7162 9 0 29 6 6 5 6
7162 12 0 29 6 6 5 6
7162 0 NA 30 6 6 3 5
7162 3 -2 30 0 0 0 0
7162 6 -1 30 NA NA NA NA
7162 9 0 30 NA NA NA NA
7162 12 0 30 NA NA NA NA
7162 0 NA 30 6 6 3 5
7162 3 -2 30 0 0 0 0
7162 6 -1 30 NA NA NA NA
7162 9 0 30 NA NA NA NA
7162 12 0 30 NA NA NA NA
7162 0 NA 30 6 6 3 5
7162 3 -2 30 0 0 0 0
7162 6 -1 30 NA NA NA NA
7162 9 0 30 NA NA NA NA
7162 12 0 30 NA NA NA NA
7164 0 NA 3 5 4 2 5
7164 3 0 3 5 4 2 5
7164 9 -1 3 NA NA NA NA
7164 12 1 3 5 5 5 4
7164 0 NA 22 4 3 3 3
7164 3 -1 22 2 2 2 2
7164 9 -1 22 NA NA NA NA
7164 12 0 22 NA NA NA NA
7164 0 NA 23 4 3 4 4
7164 3 -1 23 0 0 2 4
7164 9 -1 23 NA NA NA NA
7164 12 -1 23 NA NA NA NA
7164 0 NA 24 3 3 3 4
7164 3 -1 24 0 0 0 2
7164 9 -1 24 NA NA NA NA
7164 12 -1 24 NA NA NA NA
7164 0 NA 25 3 3 3 3
7164 3 0 25 3 3 3 3
7164 9 -1 25 NA NA NA NA
7164 12 0 25 NA NA NA NA
7164 0 NA 26 4 3 3 4
7164 3 0 26 4 3 3 4
7164 9 -1 26 NA NA NA NA
7164 12 0 26 NA NA NA NA
7164 0 NA 27 3 3 3 3
7164 3 1 27 5 4 2 6
7164 9 -1 27 NA NA NA NA
7164 12 0 27 NA NA NA NA
7164 0 NA 28 3 3 3 3
7164 3 0 28 3 3 3 3
7164 9 -1 28 NA NA NA NA
7164 12 0 28 NA NA NA NA
7164 0 NA 29 3 3 3 4
7164 3 0 29 3 3 3 4
7164 9 -1 29 NA NA NA NA
7164 12 0 29 NA NA NA NA
7164 0 NA 30 3 3 3 3
7164 3 0 30 3 3 3 3
7164 9 -1 30 NA NA NA NA
7164 12 0 30 NA NA NA NA
7164 0 NA 22 4 3 3 3
7164 3 -1 22 2 2 2 2
7164 9 -1 22 NA NA NA NA
7164 12 0 22 NA NA NA NA
7164 0 NA 23 4 3 4 4
7164 3 -1 23 0 0 2 4
7164 9 -1 23 NA NA NA NA
7164 12 -1 23 NA NA NA NA
7164 0 NA 24 3 3 3 4
7164 3 -1 24 0 0 0 2
7164 9 -1 24 NA NA NA NA
7164 12 -1 24 NA NA NA NA
7164 0 NA 25 3 3 3 3
7164 3 0 25 3 3 3 3
7164 9 -1 25 NA NA NA NA
7164 12 0 25 NA NA NA NA
7164 0 NA 26 4 3 3 4
7164 3 0 26 4 3 3 4
7164 9 -1 26 NA NA NA NA
7164 12 0 26 NA NA NA NA
7164 0 NA 27 3 3 3 3
7164 3 1 27 5 4 2 6
7164 9 -1 27 NA NA NA NA
7164 12 0 27 NA NA NA NA
7164 0 NA 28 3 3 3 3
7164 3 0 28 3 3 3 3
7164 9 -1 28 NA NA NA NA
7164 12 0 28 NA NA NA NA
7164 0 NA 29 3 3 3 4
7164 3 0 29 3 3 3 4
7164 9 -1 29 NA NA NA NA
7164 12 0 29 NA NA NA NA
7164 0 NA 30 3 3 3 3
7164 3 0 30 3 3 3 3
7164 9 -1 30 NA NA NA NA
7164 12 0 30 NA NA NA NA
7164 9 NA 35 NA NA NA NA
7164 12 0 35 NA NA NA NA
7168 0 NA 3 6 6 0 0
7168 3 1 3 NA NA NA NA
7168 6 0 3 NA NA NA NA
7168 9 0 3 NA NA NA NA
7168 12 0 3 NA NA NA NA
7168 0 NA 3 6 6 0 0
7168 3 1 3 NA NA NA NA
7168 6 0 3 NA NA NA NA
7168 9 0 3 NA NA NA NA
7168 12 0 3 NA NA NA NA
7168 0 NA 3 6 6 0 0
7168 3 1 3 NA NA NA NA
7168 6 0 3 NA NA NA NA
7168 9 0 3 NA NA NA NA
7168 12 0 3 NA NA NA NA
7168 0 NA 3 6 6 0 0
7168 3 1 3 NA NA NA NA
7168 6 0 3 NA NA NA NA
7168 9 0 3 NA NA NA NA
7168 12 0 3 NA NA NA NA
7169 0 NA 11 3 3 0 5
7169 3 1 11 NA NA NA NA
7169 6 0 11 NA NA NA NA
7169 9 0 11 NA NA NA NA
7169 12 -1 11 NA NA NA NA
7169 0 NA 13 5 2 1 3
7169 3 1 13 NA NA NA NA
7169 6 0 13 NA NA NA NA
7169 9 0 13 NA NA NA NA
7169 12 -1 13 NA NA NA NA
7169 0 NA 11 3 3 0 5
7169 3 1 11 NA NA NA NA
7169 6 0 11 NA NA NA NA
7169 9 0 11 NA NA NA NA
7169 12 -1 11 NA NA NA NA
7169 0 NA 13 5 2 1 3
7169 3 1 13 NA NA NA NA
7169 6 0 13 NA NA NA NA
7169 9 0 13 NA NA NA NA
7169 12 -1 13 NA NA NA NA
7169 0 NA 11 3 3 0 5
7169 3 1 11 NA NA NA NA
7169 6 0 11 NA NA NA NA
7169 9 0 11 NA NA NA NA
7169 12 -1 11 NA NA NA NA
7169 0 NA 13 5 2 1 3
7169 3 1 13 NA NA NA NA
7169 6 0 13 NA NA NA NA
7169 9 0 13 NA NA NA NA
7169 12 -1 13 NA NA NA NA
7169 0 NA 1 0 0 0 0
7169 3 1 1 6 5 6 6
7169 6 0 1 6 5 6 6
7169 9 0 1 6 5 6 6
7169 12 1 1 NA NA NA NA
7169 0 NA 7 2 1 1 0
7169 3 0 7 2 1 1 0
7169 6 0 7 2 1 1 0
7169 9 -1 7 1 3 4 4
7169 12 -2 7 NA NA NA NA
7169 0 NA 9 0 1 1 5
7169 3 -1 9 0 1 0 0
7169 6 -2 9 0 1 0 0
7169 9 -1 9 5 2 3 3
7169 12 -1 9 NA NA NA NA
7169 0 NA 11 3 3 0 5
7169 3 1 11 NA NA NA NA
7169 6 0 11 NA NA NA NA
7169 9 0 11 NA NA NA NA
7169 12 -1 11 NA NA NA NA
7169 0 NA 12 1 1 1 3
7169 3 -1 12 0 0 0 1
7169 6 0 12 0 0 0 1
7169 9 0 12 0 0 0 1
7169 12 -1 12 NA NA NA NA
7169 0 NA 13 5 2 1 3
7169 3 1 13 NA NA NA NA
7169 6 0 13 NA NA NA NA
7169 9 0 13 NA NA NA NA
7169 12 -1 13 NA NA NA NA
7169 0 NA 26 4 2 2 3
7169 3 0 26 4 2 2 3
7169 6 0 26 4 2 2 3
7169 9 0 26 4 2 2 3
7169 12 -1 26 NA NA NA NA
7169 0 NA 30 0 0 0 0
7169 3 0 30 0 0 0 0
7169 6 0 30 0 0 0 0
7169 9 0 30 0 0 0 0
7169 12 -1 30 NA NA NA NA
